4294967294,519
4294967294,61
4294967294,30
4294967294,97
4294967294,80
4294967294,428
4294967294,425
4294967294,18
4294967294,127
4294967294,14
4294967294,126
4294967294,20
4294967294,13
4294967294,173
452,4
452,3
452,2
452,1
4294967278,539
4294967278,538
4294967278,512
4294967278,535
4294967278,531
4294967278,269
4294967279,393
4294967279,336
4294967279,335
4294967279,137
4294967279,268
4294967279,297
451,4
451,3
451,2
451,1
4294967294,963
4294967294,421
4294967294,163
450,4
450,3
450,2
450,1
449,4
449,3
449,2
449,1
448,4
448,3
448,2
448,1
447,4
447,3
447,2
447,1
446,4
446,3
446,2
446,1
445,4
445,3
445,2
445,1
444,4
444,3
444,2
444,1
443,5
443,4
443,3
443,2
443,1
4294967279,392
4294967294,898
439,5
439,4
439,3
439,2
439,1
4294967279,243
4294967278,240
4294967279,240
4294967278,238
4294967278,236
4294967279,237
4294967278,234
4294967279,228
4294967278,224
4294967279,224
4294967278,222
4294967279,222
4294967294,1414
436,5
4294967279,210
436,4
4294967278,209
436,3
436,2
436,1
4294967279,209
4294967278,546
4294967278,201
433,4
433,3
433,2
433,1
432,4
432,3
432,2
432,1
431,4
431,3
431,2
431,1
430,4
430,3
430,2
430,1
429,4
429,3
429,2
429,1
4294967294,962
428,4
428,3
428,2
428,1
4294967278,565
4294967294,109
4294967294,462
427,5
427,4
427,3
427,2
427,1
426,5
426,4
426,3
426,2
426,1
4294967294,392
425,4
425,3
425,2
425,1
4294967278,294
4294967278,286
4294967279,332
4294967279,269
4294967278,318
4294967278,259
4294967279,214
4294967278,308
4294967279,213
4294967278,212
4294967279,212
4294967278,561
4294967278,203
4294967278,202
4294967278,567
4294967279,301
4294967279,362
424,4
424,3
424,2
424,1
4294967279,304
423,4
423,3
423,2
423,1
4294967279,195
422,4
422,3
422,2
422,1
421,4
421,3
421,2
421,1
4294967278,328
420,4
420,3
420,2
420,1
419,4
419,3
419,2
419,1
4294967294,409
4294967294,179
4294967294,384
4294967294,164
4294967294,404
4294967294,457
4294967294,467
418,4
418,3
418,2
418,1
4294967279,375
417,4
417,3
417,2
417,1
416,4
416,3
416,2
416,1
4294967294,393
415,4
415,3
415,2
415,1
4294967279,165
414,4
414,3
414,2
414,1
413,5
413,4
413,2
413,1
4294967279,418
4294967278,324
4294967294,900
4294967294,186
409,5
409,4
409,3
409,2
409,1
4294967279,377
4294967278,137
4294967279,417
4294967279,416
4294967278,562
4294967294,899
406,5
406,4
406,3
406,2
406,1
4294967294,38
4294967294,37
4294967294,115
403,4
403,3
403,2
403,1
402,4
402,3
402,2
402,1
4294967294,401
401,4
401,3
401,2
401,1
4294967278,327
400,4
400,3
400,2
400,1
399,4
399,3
399,2
399,1
398,4
398,3
398,2
398,1
397,5
397,4
397,3
397,2
397,1
4294967294,390
4294967294,389
4294967294,114
396,5
396,4
396,3
396,2
396,1
4294967279,296
395,4
395,3
395,2
395,1
4294967279,349
4294967278,326
4294967279,321
4294967278,514
4294967279,415
4294967279,414
4294967278,351
4294967278,513
4294967279,291
4294967278,289
4294967278,350
4294967278,541
4294967294,91
4294967294,90
4294967294,87
4294967294,85
4294967294,183
4294967294,110
4294967294,45
4294967279,260
4294967294,68
4294967294,11
4294967278,132
4294967278,131
4294967278,130
4294967278,129
4294967278,128
4294967278,127
4294967278,126
4294967278,125
4294967278,124
4294967278,123
4294967278,122
4294967278,121
4294967278,120
4294967278,119
4294967278,118
4294967278,116
4294967278,115
4294967278,114
4294967278,113
4294967278,112
4294967278,111
4294967278,110
4294967278,109
4294967278,108
4294967278,107
4294967278,106
4294967278,105
4294967278,104
4294967278,103
4294967278,102
4294967278,101
4294967278,99
4294967278,98
4294967278,97
4294967278,96
4294967278,95
4294967278,94
4294967278,92
4294967278,91
4294967278,90
4294967278,89
4294967278,87
4294967278,86
4294967278,85
4294967278,84
4294967278,83
4294967278,82
4294967278,81
4294967278,80
4294967278,78
4294967278,0
4294967279,123
4294967279,122
4294967279,121
4294967279,120
4294967279,119
4294967279,118
4294967279,117
4294967279,116
4294967279,115
4294967279,114
4294967279,113
4294967279,112
4294967279,111
4294967279,110
4294967279,109
4294967279,108
4294967279,106
4294967279,105
4294967279,104
4294967279,103
4294967279,102
4294967279,101
4294967279,99
4294967279,98
4294967279,97
4294967279,96
4294967279,95
4294967279,94
4294967279,92
4294967279,90
4294967279,87
4294967279,86
4294967279,85
4294967279,84
4294967279,79
4294967279,77
4294967279,75
4294967279,74
4294967279,72
4294967279,69
4294967279,67
4294967279,66
4294967279,65
4294967279,64
4294967279,62
4294967279,61
4294967279,60
4294967279,54
4294967279,51
4294967279,50
4294967279,45
4294967279,44
4294967279,43
4294967279,41
4294967279,37
4294967279,36
4294967279,35
4294967279,26
4294967279,25
4294967279,23
4294967279,18
4294967279,16
4294967279,14
4294967279,13
4294967279,12
4294967279,8
4294967279,6
4294967279,5
4294967279,28
371,6
371,0
371,5
394,4
394,3
394,2
394,1
393,4
393,3
393,2
393,1
392,4
392,3
392,2
392,1
391,4
391,3
391,2
391,1
4294967278,207
4294967278,206
390,4
390,3
390,2
390,1
389,4
389,3
389,2
389,1
4294967279,200
388,4
388,3
388,2
388,1
387,4
387,3
387,2
387,1
386,4
386,3
386,2
386,1
4294967278,188
385,4
385,3
385,2
385,1
384,4
384,3
384,2
384,1
4294967279,183
4294967278,181
383,5
383,4
383,2
383,1
379,5
379,4
379,3
379,2
379,1
4294967278,527
4294967278,349
4294967279,334
4294967279,4
4294967279,11
376,5
376,4
376,3
376,2
376,1
4294967279,391
4294967294,388
4294967279,250
4294967294,960
4294967294,464
4294967294,180
4294967294,449
4294967294,456
4294967278,323
373,4
373,3
373,2
373,1
4294967278,235
372,4
372,3
372,2
372,1
4294967278,228
4294967278,226
371,4
371,3
371,2
371,1
370,4
370,3
370,2
370,1
4294967278,214
369,4
369,3
369,2
369,1
368,4
368,3
368,2
368,1
4294967278,208
367,5
4294967279,203
367,4
367,3
367,2
367,1
4294967279,107
4294967278,199
366,5
4294967279,196
366,4
366,3
366,2
366,1
365,4
365,3
365,2
365,1
4294967278,348
4294967278,347
4294967279,413
4294967294,403
4294967294,463
4294967294,408
4294967294,402
4294967278,525
4294967294,964
4294967279,412
4294967278,346
4294967278,543
4294967279,348
4294967278,290
4294967279,100
4294967279,93
4294967279,91
4294967279,89
4294967279,83
4294967279,78
4294967279,71
4294967279,68
4294967279,59
4294967279,49
4294967279,46
4294967279,40
4294967279,34
4294967279,30
4294967279,24
4294967278,141
4294967279,134
4294967279,270
364,4
364,3
364,2
364,1
363,4
363,3
363,2
363,1
362,4
362,3
362,2
362,1
361,4
361,3
361,2
361,1
360,4
360,3
360,2
360,1
359,4
359,3
359,2
359,1
358,4
358,3
358,2
358,1
357,4
357,3
357,2
357,1
356,4
356,3
356,2
356,1
355,4
355,3
355,2
355,1
354,4
4294967279,205
354,3
354,2
354,1
4294967278,204
4294967278,198
4294967279,198
4294967278,197
4294967279,197
353,5
4294967278,196
353,4
353,2
353,1
4294967279,80
4294967278,191
4294967279,191
4294967278,190
4294967278,345
4294967279,190
4294967279,189
4294967279,188
4294967279,187
4294967279,186
4294967278,185
4294967278,325
4294967279,182
4294967279,181
4294967279,298
4294967279,58
4294967279,411
4294967279,57
4294967294,387
4294967278,281
349,5
349,4
349,3
349,2
349,1
4294967279,39
4294967279,48
4294967279,33
4294967279,32
4294967279,139
346,5
346,4
346,3
346,2
346,1
4294967278,285
4294967294,50
4294967294,416
4294967294,461
4294967294,400
4294967294,448
4294967279,287
4294967279,133
4294967294,36
4294967294,39
4294967279,331
4294967278,523
4294967278,344
4294967279,277
4294967279,261
4294967279,259
343,4
4294967279,258
343,3
343,2
343,1
4294967279,256
4294967278,316
342,4
342,3
342,2
342,1
4294967278,252
4294967278,251
4294967278,273
341,4
341,3
341,2
341,1
4294967278,314
4294967278,515
340,4
340,3
340,2
340,1
339,4
339,3
339,2
339,1
338,4
338,3
338,2
338,1
4294967294,0
337,5
4294967294,53
4294967294,966
4294967279,232
337,4
4294967278,230
337,3
337,2
337,1
336,5
336,4
336,3
336,2
336,1
4294967279,410
335,4
335,3
335,2
335,1
4294967279,409
4294967294,84
4294967278,322
4294967279,408
4294967294,40
